-45792 = 1 1011001011100000
       U 1 0100110100100000
    45792/2
    22896/0
    11448/0
     5724/0
     2862/0
     1431/0
      715/1
      357/1
      178/1
       89/0
       44/1
       22/0
       11/0
        5/1
        2/1
        1/0
        0/1

4612 =  0001 0010 0000 0100
-59731 = 0000 000[1] 1110 1001 0101 0011
                     1110 1001 0101 0011
       =U2 1111 1111 0001 0110 1010 1101 
 59731/2 
 29865/1
 14932/1
  7466/0
  3733/0
  1866/1
   933/0
   466/1
   233/0
   116/1
    58/0
    29/0
    14/1
     7/0
     3/1
     1/1
     0/1

     1110 1001 0101 0011

4.
 10111010
 0 1
 1 2
 0 4
 1 8
 1 16
 1 32
 0 64
 1 128

128+32+16+8+2=130+40+16=186

11011000100,101=1024+512+128+64+2+1/2+1/8=1732+5/8=1732,625

1  125
0  0
1, 5
0  1
0  2
1  4
0  8
0  16
0  32
1  64
1  128
0  256
1  512
1  1024

1111 0000 1111 0000= 32768+16384+8192+4096+128+64+32+16=61680
0 00001
0 00002
0 00004
0 00008
1 00016
1 00032
1 00064
1 00128
0 00256
0 00512
0 01024
0 02058
1 04096
1 08192
1 16384
1 32768

10111010 = -128+32+16+8+2=-70

11011000100 = -1024+512+128+64+4=-316
1110 1100 0100 = -2048+1024+512+128+64+4=-316

1011 1010 = 0xBA
010 111 010 = 0o272 